0, 1, 0, 0, 4, 0, 4, 19
28, 1, 17, 2, 1, 2, 1, 24
16, 5, 1, 18, 19, 15, 20, 0
1, 18, 21, 0, 0, 0, 0, 2
-7, 18, 27, 37, -14, -11, 41, 23
-23, -44, -18, -46, -30, 13, -36, -33
-8, 14, -33, -17, 31, -6, -13, 20
-27, 10, -11, 15, 14, 29, -73, -14
18, -2, -17, -33, 26, -27, -5, 23
24, 3, -13, -23, 26, -35, 20, 28
11, 3, -19, -27, 29, -26, -6, 24
25, 2, -12, -24, 26, -32, 24, 27
10, 17, 44, 51, -44, 31, 25, -31
0, -7, 8, 11, 0
0, 32, 21, -70, 0
5, 66, -67, 9, 5
-19, -18, -59, -35, -19
-36, -1, 66, -12, -36
1, -3, 27, -71, 1
6, 25, -33, 21, 6
0, -55, -28, 17, 0
-2, -42, -10, 5, -2
