0, 1, 0, 0, 4, 0, 4, 19
28, 1, 17, 2, 1, 2, 1, 24
16, 5, 1, 18, 19, 15, 20, 0
1, 18, 21, 0, 0, 0, 0, 2
-4, 9, 13, 18, -7, -5, 21, 11
-11, -22, -9, -23, -15, 7, -18, -16
-4, 7, -16, -9, 16, -3, -7, 10
-14, 5, -5, 8, 7, 14, -37, -7
9, -1, -8, -16, 13, -14, -2, 12
12, 2, -6, -12, 13, -17, 10, 14
6, 2, -9, -14, 14, -13, -3, 12
13, 1, -6, -12, 13, -16, 12, 14
5, 8, 22, 25, -22, 16, 13, -16
0, -4, 4, 6, 0
0, 16, 11, -35, 0
3, 33, -34, 4, 3
-9, -9, -30, -17, -9
-18, -1, 33, -6, -18
1, -1, 13, -36, 1
3, 12, -16, 11, 3
0, -27, -14, 9, 0
-1, -21, -5, 2, -1
